6840897756
4990979660
1622668230
8035608914
8137336967
6982166082
9191494522
7010460574
2829680001
6209230774
6643876747
7344289597
7414226981
3626349401
1617618635
6305220865
8916838030
9484141690
4884377318
4186268747
8371391105
3023805175
1492747521
3888631556
7442224280
4062135891
8080629939
4713645411
5208065414
5828271427
2983504122
3482995911
9073862213
4543362359
8510770580
1023591431
8100597710
8685971649
9259179059
5114564832
5907203720
1566331349
3752575505
9503991693
2629725680
7003556941
5083397515
1283536384
8840776199
9154158898
6775317102
9512486574
7009128814
7651687799
5970726837
3633597345
5003435416
7942372759
6816934999
9539469279
6218733964
7202008880
6800380249
6331159715
7071378658
5495327005
3017490040
6042854750
9972103217
5977373702
2203173070
4764271152
4443479532
5771953280
7028901808
7641551255
6571544142
5281862521
7723673985
9224599488
1959866802
9968046883
3225997044
2291103665
4226945745
2402064388
2167450075
2787574074
6518577613
3493829955
7602091839
6759249228
9475552617
1119254495
5451950941
4463191073
9726697559
3339429378
4380134270
2195936985
8066217770
3797169621
5726478143
2429197928
7586602683
9456782037
3478249774
7245272523
6440225045
3897253404
1263511799
3868819248
4024850051
8811130150
3615727074
5506642220
9328546550
9130854155
9562530313
3828602375
1315860953
2039064938
2328659477
6986273330
3278026914
2385375847
6641239722
9023167630
4815798208
6182144707
9159281616
2691240858
8983830872
4950761843
3704498366
5049824151
4575830943
3559926780
7551309317
3585163435
3265617735
8604015653
8482062836
5309111501
6322026159
2043960684
9553980610
9243275007
8407484545
6742420413
5895745540
8955108707
6289598402
8457025126
1503375969
2849864585
1925082854
3254347050
6789962086
8489106453
8686549965
8786018565
4312696122
4678417661
8063993360
1367575780
8704455198
6970735324
3550858110
3278523021
1302978545
6036244733
3936216769
8063263280
8040191743
3046788359
6458528737
4126667036
1217063115
6953672583
3792033847
6915803596
6118949285
7527605791
8056292998
5910471345
9828329497
1307092421
7163231881
5412987545
3227503000
8117738726
4057726133
5648136495
1981074236
3868681075
8591448356
4811944700
4763798008
3625009136
9756604477
9324709811
3773289078
6466769933
4215266675
7448204492
3602770400
6250944936
2395533510
2159598755
9745637082
7819883434
4643243975
4888407070
8927535012
9115059732
9246044651
3686902789
7078004834
4309072676
6736481313
7162704614
3269159598
7524210871
2017756173
6368444105
6681440737
9732259759
8725429649
1208764543
6903558187
6057036025
9888748347
6309079975
6167008407
2883966661
7107472992
2290938443
8971922515
2010096633
4858079415
1317400647
1688784079
4134870673
7307558074
1604324773
3877220521
5817471810
7877624177
4433598686
2949728682
7057309252
3075021883
6957312821
8385677033
5549930027
4739931693
8296351486
3162879224
2438130211
9413372751
7367326338
2665522249
2484788051
1287656710
7799477251
6926647507
6606108904
5287955734
3599178471
8907045020
7628489409
9374633358
5853543936
2956473309
6501835375
8926316764
8394053605
2287199290
1746176973
6490353817
6068379735
8328007022
4172155481
1541191201
6173931680
3434454859
8321747371
3785075822
1556101835
3657602342
5335100367
3010188125
8464392630
6610383065
3828950990
2789278368
1529601218
7938399714
1326905633
9048709731
1724237115
8086453054
5442319686
6289383112
7324768913
9536967791
9279786086
1670485288
5083881095
9271263189
1840692568
7574915441
7005078158
4208113251
9885020441
3157932983
7274565089
3059662398
6003018704
5852516863
4821402737
4237388330
5719819018
3907044498
8796003118
2878897481
5185850065
2089837629
2390531140
9945745213
7255389076
2264263099
8795882613
3601087147
8014782922
9369961314
5998341095
1927412635
9541653062
8727165891
2181580857
7029046426
6440307530
3797550277
2491471941
1784123345
6628864783
4295009645
1555097362
3619413391
5307689380
6892180392
5372769890
7230207189
7729071295
7024682082
7718654709
5629659515
9368593262
6653449808
9651478790
4442213001
6988263728
6338203523
8421516955
5650357232
7200710727
7792877303
5527372960
7760699134
6288975851
3590799444
2505828207
7453522108
2621391756
8852758388
2327739380
6738420154
6316992533
8367575483
6736781001
6200219937
6645225286
4877667487
7533249857
3181750503
7023051595
3521879452
4971460653
1070479493
8422075167
6659116814
1025887506
2677206650
4021232917
4343654237
1459535831
1079385094
8352555075
9935396156
8197063398
8970631777
2272965179
9842410545
6668344080
9103224019
7072236570
2005006707
1811779206
2127025931
5344848059
6199275098
6963551699
7837277241
1190574278
6734255810
7371215966
3222435861
7537795718
1385095232
5692229332
1618123639
2041060177
4537191845
3954508033
9913745737
3003697398
9835162279
6599804839
1350516294
8987876892
9514078347
8583284885
4527350683
2429716058
7974066792
5919365587
3566245711
5141077829
5153289949
2636437260
1363751274
6777424356
5463302746
2941102264
2663292931
5565780235
4493512112
9670599077
9478313291
4617269190
9579033392
2266202223
6222818529
7861919941
7921360702
8541695129
5623109942
2114315155
4136516075
1580960035
2286884237
8887034878
6609337131
7683669837
5368093965
5706365403
6659003277
1010342706
8395838571
5741031697
2544061637
5493909118
3307559284
6934880116
1741562744
7081136919
1157722304
1199582759
4968016651
7049406537
8973955911
9919297720
8874964142
6697808111
8882747322
3123678527
4364906150
6057464163
9591024080
8746345119
8417227892
5443588059
3257407327
8033406887
1711706867
1997590337
3914446860
1379326604
7666145444
2511772953
7221945258
7340868370
5747053949
5539325368
1521785522
2706748341
1711262830
3770461390
8169950424
7187447026
6126448707
5764777054
3287859987
3807420200
6869340526
9932968002
3143591873
1931751561
1461750245
6872216717
2206460136
7674158688
8781649714
8373694638
2557823876
2534516409
2933274226
3706796214
2738782196
8307406888
7202523818
7130553281
3101768149
2145070516
9909231879
7802204959
2491812510
5995486829
1303184563
9972465176
5310342432
3724265555
2457647858
9671600722
6629602421
4436310629
5429217231
1853163384
3573586919
8735591514
2179707116
6854341160
6644412215
1662882069
3751212098
1221857353
9880116928
8265818542
4254550305
4298577323
5852833148
2133279521
5336406829
7647343757
6265119901
5288998637
3388048083
3820617839
2785593169
1376108437
7389349096
4570683779
2979622986
8421573405
9162181047
9610160472
5524545497
6807922438
7636999957
9991668538
2519284976
3968878170
3514898086
2557532298
5706465714
1974219685
2802958063
1889636716
8363052169
8737684480
7292085917
7975334841
3103911893
5390312817
9266827053
6660023247
5995075033
6377890031
4663332032
6751546694
9112487365
7191541119
4489606430
3084775875
2036802546
2666670562
5893427447
2570592170
4272860591
2398120200
8866938265
7870118725
4865873072
4499187548
9811169158
1557479385
3945156638
5425667625
3603161670
7597173458
4031175034
2337751558
1871673898
7352088110
5842195206
8652009465
1316523996
9757742220
4094421299
2314257295
9880731734
3035115684
3811372278
9657199430
8142854139
6362220586
9748523043
5264154333
7537375269
9182845535
1505653250
9547916225
5642897950
8465574182
8375692498
7355502428
7679235434
8825891735
8286803799
4950548633
3112565809
5369973102
6787323637
9742475108
1157107457
7532888210
3313948929
8883906780
2332639214
4132542723
9513154781
7377188336
9286393440
7876579641
8657088024
9234818142
2958290008
3829627726
9942066990
8108444054
2086188657
7480954546
1264065151
6384217141
1774327031
6444128930
7816910713
4262947047
4553619872
1086877550
2372437652
2528267774
1185015215
5286253981
4552745975
3483462834
3191646862
3457905573
6347206991
8034617207
9985580144
2668248731
9318741992
4581867106
8513062593
5802451902
1444307054
8793797405
8447035292
2696652150
4194899294
9174476676
8567920398
6068932761
2540993373
9937238593
6664078963
6652428766
7633516344
1558357099
5937146804
2469294707
2863133143
2968922761
8673450753
1209301851
4745454402
3090701593
8248663775
6001519482
8389622264
1628121862
1976575967
4347724221
3507398208
2479086989
5957034835
8020408874
7860019679
4796224629
7877541656
5019463778
8782266178
2990736382
9271102926
3008181854
2496732946
7185720367
7347572474
8881515669
3682908014
6842356663
5765741036
4574040606
1481953538
9592424986
4966706099
7123014771
4816245872
5100118769
1547070408
9215793871
4830705667
5171829328
3812790050
9135898312
3249568025
1294643258
6717854722
5929810069
6081868458
2455159502
6634572297
8048860743
5398141978
8028532804
9843655615
1207554760
5589619102
2872372718
5045854789
7801923811
3753053940
4234617810
2914003344
4414768176
5238222722
7613788084
4356411625
6621932742
8152099634
8123481924
7498154226
7079085803
4317569362
1235457342
9116047731
5232626253
6785134102
7617788877
3629383794
6262197324
6958749179
5103928498
2232114837
1453193653
1679651829
2171535157
6506152936
4974442609
4934479662
4822696886
8185566066
8290797008
5978708342
2432226814
6069423493
6660756107
3462720238
4822265829
1486509512
7168072487
8481085229
4466854189
7550211463
1752404717
6803189200
8462394796
9250041736
4970200021
4197579989
3995673347
5739939259
7132091931
5106975254
2245961239
3306668300
8580802265
2243201907
1077551254
4914524889
6898239602
2100788192
3533543008
1550976145
2424059312
5512441774
5601379218
5320605979
8133713614
2101713689
8250402024
9599080940
7847015000
1610685066
7320066453
1122138424
9231903880
1177727167
7789689103
7995648473
8712949412
8190516787
9662007608
6678518700
5894490642
8330807570
3784768786
2971783390
4595076807
2655594278
5749710431
5372919024
3067955796
2996907274
3178740606
8910672749
2628800814
3687713341
3939716470
8180445881
1155624931
4904578634
4397884532
7987266211
4791701122
3435511132
6879164752
6130665248
4703852489
9614668124
4790086038
1649764599
8799506260
4086556813
8114658730
4464760328
5558431405
3067241662
8844474978
6573568502
6285215461
7159006601
4110950456
2720337828
2731911629
7041682919
1579449020
3962870703
1976885602
5928264947
4054695809
5555282216
1882195806
5865317540
7117932105
3284723982
1591017987
4323268530
7633558205
1645082792
8540845750
6672720697
1708234969
3336544246
4445155558
7532256734
9890286243
1611162234
1135021424
1692979857
8442346247
3668444684
2800701373
3603562989
7011532427
5664556394
4384584963
4699211705
2094737026
1458296579
1048508679
8782125696
9861038628
9643039035
6140412502
6279620360
1617323141
5932569361
2077543124
3775860883
6759198482
8290988398
7121194973
4026633230
6994487667
9269140098
2775437070
9491709677
3194127477
4603672867
2001649354
6533132877
8193847783
6474845980
9466199249
3266732944
4373604227
6102957886
8468917711
8226972305
2639375779
3785001835
8069999717
3516728690
2588844287
9291351528
3933591107
2004240329
4568514268
8057423916
8647896587
8682215297
8774183033
3879886910
8273148351
5363830768
8702712512
7719840949
4717132186
2909696891
3555913484
6695346518
9935072475
6896059957
6444308489
4353133088
5725188732
5833941364
3952523928
1589572656
1536396939
2579171683
5814269927
8740910953
3319595833
3996438848
4517449258
9228518501
7102043064
4881201472
6776931873
6901366102
8368117908
8530196109
7930823567
9028114948
4704145702
5096225232
3331410062
6170835444
6636560090
8949723029
2049021884
4254488419
5113579990
1036617325
1915916047
2001847524
8321070502
4562983146
9655071816
3789161551
4765968192
9638040134
2753329310
9938804080
7730111956
7879116895
7158741065
2439429517
2402010428
4236040356
3228646067
1403473095
5078317087
3078094773
6359939540
3204740629
2124935568
4561184462
2997326433
1978168698
7542308844
2857945353
4660532730
8894159074
8166837615
4840781464
2369080888
2629127492
2699674264
5335777197
6357042253
9756633168
8086714027
3125118610
7116352727
7330018403
3940682199
1984496762
9766058047
2823644938
6482388995
5728159087
1814297365
7895234151
1620418247
9362476220
7873339000
9102530282
1811658942
2257475995
7471186533
8816650635
2637182907
4961806380
6678164801
1566382429
4535951186
8061465519
5928115276
6420039323
4549608935
6454406593
5762474800
3392517167
1270302159
7260355403
1899208908
1885059101
8533162363
7317468184
4211241521
4597080178
5082669774
4747439217
4116899018
4660802094
3044097971
2840026328
7258316914
2888480379
2795188825
2727204839
8942667378
8409872148
2549002528
6694018984
7536899260
5045823265
6635616037
6293705073
1043871494
9875021427
3340478246
1766850358
8774094761
9694465380
5200001518
1886590542
4247597634
8793722888
7602570948
2263852409
2917289717
3618621116
3373573284
1091914931
4369992027
1609268957
5769708167
1018942479
8480882338
6284546978
5146404440
8141130320
7908747726
9996885757
6965854235
7838662827
6914600420
2762059613
3513634566
7451740945
1011270657
7789484694
9061870694
1075437400
9405069210
5989208090
5127560757
5188197297
7281410232
2183619301
5895857734
7057871159
1431399211
6124236939
7974161801
9821056734
8965512902
5838441264
7828002303
8321836671
9951332057
5596309572
2093063341
8239135929
5064882756
1055654787
5622480212
6438855472
7130445807
6646033782
6996454231
4667180411
7621121976
6593892918
3936134339
3329824887
9138279327
2196854897
5403610507
6765368909
5305115558
3680943749
1703841998
6025912623
6764804028
3320520348
3800287455
7682134258
6431449143
2968139157
3641924357
1086616707
5266120675
2740951274
7690255049
5633272995
9643578514
3788454069
4791230302
7593168550
9995240000
8459618770
5513204235
7804764409
6067174591
3980650430
5143661376
6150368243
6870793897
8691444498
6685264857
8368035116
3021836273
6487494959
5546007242
4055029028
2645376767
3693521072
1765975600
9334682439
3797195925
4180217104
9361007017
9444784338
7215709918
5293931243
9277539635
1578353939
8573233015
8233418494
9491628825
2095352089
3845638852
6391381709
5237743774
9439199171
8956704154
9392646416
4126844744
7114703288
8532655575
8696624211
6443986835
4542851558
2864692051
2031997625
1991389005
8669305079
8212548808
1055827275
4826230148
1992219912
5651389659
3988689803
1337121553
9724508982
1332614354
3484956555
3449902843
8520465280
8525646325
5285849709
3870843847
3139184101
3454221243
4554913517
5204995006
5084937686
8864382354
9051966806
2474971732
6366887648
9093177354
7789728378
2115309104
1720711734
2749484731
8478746629
1460620184
1540615906
3650612482
7469438397
5739781994
3585325683
9003251885
2652387414
3719687964
8980236061
7849255232
7914277221
4932592681
9256609101
4473791944
6349934698
4142241072
2114556804
2259580898
7523422419
8058524603
4421176920
1145126374
6204570046
4673872546
6775866612
3667693375
9504404876
6251581056
6779003528
7362563909
3021969580
7172124420
6655776358
1124035618
8485807265
3787424424
8656540168
5456839287
9505441680
1563377391
6636487145
7638340041
9269543379
2712418565
6549667448
4542073063
9361668149
8280308850
6724594533
5476453469
1951163869
5534071974
6716133193
9317957282
7641030893
8797715408
3968221429
4679302678
5944008130
2571243651
8031875640
5581585746
7249734347
5770850887
9672822481
3819978553
8565351354
6179963107
1310715432
2688670429
9807836742
9356017473
1836695896
3685316337
9825511054
4712779653
3124180870
7770000147
6041616655
3501530177
6603540361
3556025412
2900712319
7947454195
9009775607
3352790721
9618862283
7545861880
4522711380
5526833060
2045614473
2637297646
6815808161
4817451307
2554466889
7216608322
7268867073
5912343921
6987513281
8772983218
9409754706
1247530015
5397965893
6421325017
4627175691
9730912994
2466062376
6599588929
3457408641
2087895784
9960077422
9265114651
1896522502
3614275924
9724409293
5096524024
4021730557
2170697718
1949038857
4766979116
1984365904
5822045125
1064731882
5548714607
3489928305
6439081444
7983315966
7714705433
2752963461
3073681114
4462203613
1337393742
8097286261
1736799837
7462389595
7826496155
9345198753
9083932289
3286128285
7861927089
2979908195
8079939809
2001786897
5437377490
2487943741
8703186501
2437622685
2272527351
8994900717
8758183122
5780407282
7734053120
9814749245
3004904296
5189279158
5205129090
9123580345
6661487084
2971138415
3674439827
2758562557
2964969084
1252449385
6577908109
9963902164
3585580513
2561584635
1705281425
1559108464
9491450784
5012968428
5720431464
6550384239
7386002263
2301120392
2485011862
2616682432
5963988978
5546421421
3050491899
6969507739
9840349491
2568143451
8170228182
2797549586
8755736978
1364069733
3767100678
1455682112
2739840449
5792980991
8657966083
4609481281
5309344416
8012271451
8625333187
5100539299
7077026184
3066502424
1785025844
5664869704
5096182526
6443061719
1387481242
1420800286
1006472042
6189690572
7705960906
3980428136
5513636876
5561050162
2422850060
3593944615
1271644776
8447931220
8271976262
7643477095
5623668165
4681092340
5390396355
8076286683
4967964470
5542690127
9296414701
8399697207
7392383653
9452324839
7236471916
6370468480
3060813689
7096118443
8036285244
7741335748
3017377520
8871424579
4679649274
7006781400
6304977305
9777266928
5529885849
2018461259
6032723243
7300883095
9124354978
6076927605
3389729705
1343835741
6525914400
5512585829
9496144364
9412057347
3902671075
6108738491
5057633210
5336972578
2343358914
2066181940
3384768045
4858162044
7638425942
4777110246
2278870303
6527281321
3267212488
3649253177
7191313938
8497312222
2547705120
8286013449
1371750934
4330674211
2995448867
8256512191
7764460944
5550623970
2056305822
2385062541
6979915788
7766212221
8615089418
9859065912
8288329511
6036814581
8350053069
5735700539
9832400519
9505625543
1261982592
1161167483
4392560265
9488536759
3926027710
5378860721
7437528639
2000188187
5493890405
6206248452
8764606405
5653778229
9278003883
6671890301
7650042482
7738115801
6586274720
1135939298
7412143767
1717238662
1431402934
1926001139
2440800272
4103172774
2439353246
7205460262
6878662738
7234180992
8789637174
7985521215
2823306102
4118401023
2657043815
4600208459
3131205730
4824043796
7829103971
5292793405
7115485902
5881272454
4573250782
8335770159
1210083490
7806651365
9755225796
6056503434
1590262046
9380587079
4151425541
3849664558
9698117776
3737801128
3179313574
4714464268
3993357108
7381086532
2819158481
1785760001
5764877836
8698332526
6536874921
7193149758
7687973290
2188091345
2715968331
3901005484
6523012180
2544224089
8939493567
3821130132
6135874528
4922573081
3016802022
3076761029
8566866975
3896167445
8240006980
1078936291
7396899192
6067404883
9975843159
9111106353
2423613820
9360834676
1831933308
4103658524
2966289191
3870944913
7608948280
6480531399
5033623959
4503712333
4232730979
7358841529
8284904507
1588280618
9395534979
8127955997
2621123862
5647520782
5938287106
5443050631
8641970593
7048388189
2319430472
3389746014
6536614258
1185962502
1797192021
9747903107
3548293462
4341017771
5171571909
2285664163
9562072091
7420500100
6604172819
1542326761
4297248345
2747279272
1609608493
8287065910
3046319800
7210855080
4720779015
2187785235
2022098380
9191242195
1347647342
4312421764
4215995693
6908807252
3905436764
5309543751
2812621810
5384090760
5976958869
5562300729
5245971731
6862300864
3574835374
8833434001
3941659904
9903567065
5484146113
6821507941
2004017130
3190329313
3777976335
7035868652
1153959271
6947160414
9675105298
5178500956
3515342857
4379759746
1850352336
4580481262
8827720118
2868019259
2042748981
6841112596
4830296737
9463842247
5538847715
7815177831
1437611520
3590491924
4479577352
4862353443
3620323739
7708077645
6531514971
7317410534
4683816262
5677691696
6256076981
8687275225
7708872818
3686092537
6745449053
7242432681
3523293447
7872103841
3735500939
8942355090
8038421024
5776072180
3618386634
9441115644
8569629973
2348161226
8402062459
8131741857
6046105131
4202727187
1050186994
3533790760
6883796088
4562248622
7819567296
3700838135
4896547092
8955475034
8971836599
2719325753
1647773232
5543218099
5549960945
6117242447
8518203435
6797441733
2616226957
1107432838
3662492778
9595429716
9213191467
3441402354
2485294040
4078334416
4192429746
6651229689
7267966833
5093242766
1839046293
1827233725
9842825091
2027222493
9735743304
3183524454
5269860007
8185042411
6102828953
1293191128
8128519081
4224216570
9047200679
7583448351
2425404355
3774584015
4869075522
2887880539
6967410338
5148322914
7044841193
9324003996
5044603845
1632441599
6868529340
6375275387
2262970548
2848494739
1943127059
4609864421
9031845200
1910679836
4630394012
2701332481
5395745093
3041498634
9912395472
2883698682
5509013739
3034349755
8596532383
2596660218
1916482641
5444774608
7914877919
8347653393
5400197531
8462956271
8524749046
6966344789
1716476621
1614458236
7238468072
9804890454
2722768989
4771834848
7878508925
6535375743
7153110516
9371766890
6388605951
5643072833
4653380425
7494877170
7007803928
3506595709
5412150354
8098814206
7938583263
7777011169
9863649261
4628579833
9253767182
7961255182
5113774351
4719963804
8379949697
4657898998
9629913144
2018231947
4191731143
8057180733
1044059540
3414916604
6925896733
8901852334
2398512567
1902487325
3151317307
6811380825
3403968716
9301292922
6412710066
1620530621
2410213240
3439887938
1072550465
3068064744
1615330101
5396792959
5524125254
6850382959
1937635688
5819383908
8238847792
3011666754
5420618632
6949473910
1364427503
6213152102
5295794436
9351049979
3209755168
3296993585
8880740660
2944698041
9178814746
1850040730
7723289831
2387669627
1196415024
9221446531
8308816887
4586288244
6897032714
2064885821
5957500928
8900282894
1291029370
9557993928
2816360870
9724095942
4319185367
3617051627
2479526286
3991637342
7048815419
1375010856
9013797434
4525895757
3870683455
4585770019
2832973806
8074150961
2996294139
2548045595
9046869717
4852507412
4230317558
6522704038
7404290200
6181372471
8079882540
9428569769
8871243160
1517183364
7865660307
7003413200
2175130618
5507438649
4884326859
5903314677
9900169853
3815178042
1691760534
4886456689
2083108540
6901168703
7584553125
2433935671
9055988521
8955027993
9532803695
2963558753
9075345625
4030531428
7284557794
9662938840
7356372101
7224303011
1540380619
8268309489
7648982813
8799668049
7829742183
8592031102
5315345238
2497670342
3726502826
9801055094
1870708391
8179733414
7991108602
2829742939
1828539818
6262705575
3934382358
8563728396
8525456866
8171462427
9513946703
2778463072
6554040442
6924713551
9018953678
9459903689
3473588105
8919012416
6959238290
5414173929
4811967428
6068128637
2372060382
5038400184
7914347537
4368988036
9452523222
6049973159
5832480435
2142525627
6835367075
5982028974
6758741318
6745651043
1446199578
7733525342
6242991006
5623957105
2409998111
7228162480
4707544404
4902676368
2666835959
8359835424
6713923638
6669675895
5300043638
3582203588
3651698708
4436467481
3757539050
4484298387
9170328521
1634186765
6259737349
2781477458
2265251809
4739393487
4878132497
1875213062
3652688281
1492380702
2652708463
8038887408
6267241459
1954045452
2009172276
7566797657
9410105808
4307640062
6394836795
4916109509
1143214102
6437864256
1188440349
1753793572
3775174685
6337637954
9507197198
6423677629
9344907589
6001310119
4529447457
4329559601
9708776302
2697826250
4778246866
9808505452
6895459899
3269331471
3890207729
2870000523
8900990015
8887616667
4322154081
3116784763
4473739176
9210207173
5870873032
7157719076
3531576227
5429819442
4494625130
1490591987
6921924524
8329347990
4204519163
5694711632
6210183455
7866791571
6439485058
8093958101
8496722829
1478260793
5142804218
8143984976
1040607349
3356413925
3890359524
7775936265
5097481813
5817167171
9105290234
3579921680
9876284594
8740578656
9184212812
8225734981
7822456247
7842572341
4911049860
8538966801
8914852959
8330372794
1752100285
5550230794
9524752312
2579629592
1949587651
6932740306
5707414085
8102063842
7267006234
5751380816
8882420422
3459971759
6543750280
8837083231
5807326783
8949127915
1275108401
7169596747
9973324943
7012073721
3353758692
9443413742
2375123659
3474289366
1613917931
5517400512
6313373365
3299880858
9490495639
3418003384
7342806755
3831206193
5862389908
2778237484
5236403995
4053255768
4410138554
9142240645
3300146088
7418446209
3804594460
1440336418
5922909434
9113759247
8598396100
5146485968
9807852188
8221888186
8192572463
1266487122
3701172725
2760780446
3734162756
2685727350
1233991047
8427494528
7331884734
3284389897
2506754824
7627655692
5203242532
3487850396
4207876600
8974551722
8287165374
6741662249
8605990100
3779007161
8349608010
7426069317
7081468260
8741602079
9746425232
1790533614
3726911502
1400922775
7949717288
3584728383
7686851171
5379559094
2135170813
4781596972
1800870370
8187853007
6869660257
1843991786
2658306946
4144422077
1482976191
1816551702
1689926951
2702165494
5221473831
4584719645
2618650362
5584247690
4410515500
7059163942
3830779876
5145027654
7600381276
5982057237
6587423317
7039582778
4569428064
8626300532
9585373895
4946852211
2927219719
3218086992
6963946960
5508667225
4656632702
9864551150
5258841002
9292234989
3208214994
4556374379
5776020769
5513992567
8347796320
9159254999
4343015741
7585105364
9058424373
3326070308
6077421731
8651460103
7499860035
5775377586
4135395218
6977113884
8858569894
3640583177
8008034515
1138242282
2311438372
4506966510
8784896268
6166643969
1425486136
1550311157
8093934292
8733058899
8903894143
7952141058
1067201297
7992846228
8092055569
1169464540
3237804598
5171976857
1668022031
2812756572
6502918978
9582485352
4937480615
2807305386
5325558067
1801009945
3938816749
6127360421
2455884117
1587741627
9666934901
4983135771
2337832614
1690990990
8907586430
9720189962
6732792811
8350434902
1739204883
6506993986
7182174954
1183240311
7764001551
3320653628
3525066926
2621735964
7629561570
1622094732
4832798424
1443863511
6895459120
7199209592
3641063710
5836132939
7000794703
2504924766
7418348929
3826457987
6475152804
2638093341
6991459409
2898724639
7377636138
4534300986
5108606245
3860152265
6370574880
3761544237
8125599445
3326582044
6318580677
2859331063
9203991826
7697977828
3573622972
5377305657
5020572416
3221271327
3729161465
2335601611
4855486201
5770594846
5990504868
8763349605
7464169363
6039122464
1919156242
9303139666
8079561753
3630376863
5501432341
8972439169
2078855972
3317486856
2640878507
7521032924
6882491286
3276382291
9021461867
1387279780
2279774314
5324166745
8642485047
6722626670
1126087288
2389738155
2153728502
7835291154
7222032030
7133188800
8556746863
5783830908
6281509082
5344403878
4384002929
6620099940
7398509711
9830356712
3923595550
5743818098
7991061491
6649817710
7938197785
8649376462
8497380587
6306855935
8297782387
1359630026
2721604495
8551869876
9468184442
3818319101
4174629552
8186767057
2522110571
7650692690
1779115462
7651833178
8089732862
5129378649
8287009166
7037097587
3998205221
5369404788
8105346702
4020435321
3081533145
9209904223
6965550152
1421943093
1338318849
8819292560
6558560669
7533064419
9508439744
6702521604
7009267378
3823758678
9076685986
3366198475
5759374992
4795935182
2618851039
9303347815
1248325094
5449921561
1089949336
2799541918
7724302159
3216703860
6702478682
5624653396
7009044548
3296280246
3938735791
1453048564
1432594184
7027365905
4423655528
2253396375
9775849654
3185488375
2925311112
2873773226
8732272207
9421597246
5245793771
7790213270
5645793031
5697442215
8651880771
5471562785
5238221311
8055870151
8794299929
5547925893
4136429928
2710358335
9848749732
7294592130
6492467167
7897412418
6105020062
1464821263
7035813501
5810177082
9379440523
5251196755
3180785338
1985077402
4110363115
6810270584
7710454197
3597491697
9415007549
8134418620
6784867192
3754425805
9496958427
8336446421
2909006099
2221000532
2105379075
4771030160
6556845545
6631841696
4498448827
6796133585
7238069232
2803423017
4795767946
4867084932
3596880312
4401180696
2844952972
5227358639
4470564702
6479716407
8079741224
8430836785
8630118827
3295554068
6643967187
6564772171
7715196262
7420090903
6736360496
6391943571
7322594566
1349999901
2297265687
1403034469
6823260846
4598877176
2784148910
8837409288
1530154961
5850471858
8753038791
6377091627
6657859365
8557230050
6896972611
2037338884
4329692070
4685284495
6189827935
2681095458
8890886201
9888358946
7345895711
7748443549
5220717071
7319787655
5819576725
6335705949
8799975365
2723060655
6555593470
6353257156
7201516675
9018101964
8400302885
8264844614
6439283709
2200435426
3210041896
4107185226
4319467428
8186793590
2524830636
1684091489
1611898256
7806320822
6820733357
4269862564
9730497134
8819007726
8060652346
7307302109
8268254330
3239531832
9605215056
6225420841
2992294763
3071272314
8043886136
5528737113
3587540272
3345855826
6134260086
3372975412
1321346121
9078365127
6251412812
4504900339
2082801414
6138863326
3538637839
7923698542
6226792812
2121818676
5051079143
9926112667
4019006261
4723903453
6008485831
2235561348
3240092251
9061739028
2059662216
7889254837
4987161366
2787272962
1529852291
6731404657
3606690930
5237017351
3250366938
9260162552
4809148229
9821407489
1653475528
8908301679
8421244058
1787454555
6536085774
4893629428
2839671047
3130325752
6879124934
7456880780
3305921758
6523819442
8757437317
4227349994
1575005986
6190013607
7992670204
9336171357
8576231360
3036317906
5831333604
6769444162
1055224357
6817831516
5221012777
5035097564
9075386757
7860853493
5742135383
1977294983
8718453917
5262921147
3097780725
7205846407
9240493786
4464766443
8953542510
5977848030
2880683722
6764790811
1240971045
5070712286
3574420859
8347161061
5203431944
4815903218
1053076469
5356397746
6407699215
9322263720
4420936575
4027002463
5903016626
5064670816
6741578798
3430357096
2931717830
6873932703
9430794849
1434804465
5907418749
9072257233
7788822837
2729541977
7161725386
4623235173
6609673312
7748441346
8565534458
5934770248
4337426691
3467790779
8007483817
5899220472
3715608311
6624444685
6512959675
6203628316
4364790218
1918995033
6751444576
5514567059
1515531447
6986945736
8275009309
8474328716
2646551432
6910886286
6043520776
6955063523
9260193077
4210685532
6531195433
2396806670
1456434146
7738630979
5239263404
9848932294
2672648648
1799550278
8545766743
2863313559
2781921913
6519469208
9456617434
7339754820
5569121793
8469340544
1644979586
1134465621
9810948674
3274004945
2715790859
6775864756
2104975048
1279208547
8777174700
7187728335
4522126769
2671436355
2361026261
1870311308
6399463137
1487507288
5488322413
4059880849
6596958767
7117942902
1849087732
9692363857
9561233273
8280038467
7238055449
7248666629
5385733198
9282681514
8316498689
5028430413
4196654745
7381860974
8491903822
2136707081
8610258896
5571147830
4564282601
6580244794
5619716574
1984795880
6564493770
1646068879
5384119083
7009041543
4178577307
8852628542
6993470979
3022710221
6849708127
3539278577
2316361147
2122924264
6092455466
4503650596
5421041237
1085840793
2067076609
9418314590
4434303836
8571994891
1324148633
6649466455
5471506170
4673486586
1069595691
6294416409
3999756613
3467146331
8249486338
2143454946
9286315729
4586749986
9858436669
8947221460
1042255114
6863620675
6635733518
7527132823
5417901231
4076933242
9820275867
1429397661
2882274154
4607022895
8497241133
3480219856
4579583192
7685842482
5882270460
2487222247
5502651545
9866108214
4653866019
4724758270
8937424182
7229652444
4780904833
2516901651
8679462123
7598237267
2354794613
4543956996
2622763157
7161197924
5010483340
8656209976
5891687326
7773816867
9193339831
2170182909
6430272151
6796953743
1945163688
3898865245
7550420165
2496533502
3395769174
1498062954
9183380414
3510677029
1168357430
6500349646
9773018240
5206650773
4889151137
5927403086
1529047625
5169099809
4476109766
7690725401
5490380618
9692785482
6129139516
2156715807
4440777434
7231785482
3712988802
7350481283
2877189920
7690244836
3478165600
4596778736
3970659945
5660633939
4258455219
5822380678
8105886736
9084990834
7044480440
1162622750
8229990699
6524672777
3465544910
2170623466
4504308887
3538481237
8421000930
2344575810
8507205242
1274541448
2195431463
3412534135
5386067224
6232067626
4098994474
5769817073
8922233366
6263515797
4728263354
4931115681
2161291071
6342390610
6044913511
4103865583
8046359906
6923657023
3238550818
6237511429
9659712991
1003706715
3411097462
6983791574
6847087647
4822488338
1667932369
8053397652
4801755400
3115066513
4384206750
5914014822
8505081582
8861740494
8085224476
1511471212
1907380454
6848086282
1994427810
6225475696
8079088343
7176535172
7084233083
6816887528
6468095761
4130547759
4753492465
8742093139
2502105991
9837440853
6367770138
4835050394
5335785696
5504232497
1344292238
8062577867
1747545088
5907219878
1895115916
4141330643
2370535809
2157131878
3306433565
3809216149
6957167171
7246665605
7472561286
2986791947
1267282901
4500608340
1875676423
3476887132
7344062284
7797102754
7673824682
2445442194
7233972829
3282614032
5620641749
7116026112
6500801669
9468836881
7594576311
3283420376
6790800132
9897003887
4729011069
6938185188
2694985939
8746065151
3988066952
3782052953
1694563154
6463750215
1807836672
3512086110
1968210543
6060434847
7100759525
2845348013
4389063864
2128647781
8014635075
6971533499
5187131546
6532445991
4893768943
4677907399
2194254499
7943374341
1461132702
9831050875
8938863771
3401515811
1476582297
9918131455
3900877852
5819604478
1858544261
4606386091
4979906723
8898600481
5168487417
9538587045
7657839000
3464131388
4730123264
7571313881
9132396663
4004160692
9513956214
3519457124
2226347577
7958529956
4149552110
9073568478
3360594024
8547533030
7803928928
1019966283
8929564441
7065885963
9849029748
4432813537
5417230706
1647886897
3776059248
6573336398
8983453160
5945962932
8835385551
8291193788
2555706008
7671740566
3515650814
9649511273
1654780876
7002356784
3332130942
6389765958
2208875625
5862850708
6925595885
4525241971
9079255462
3337699742
7019807922
9376067064
8530173470
5433681801
7171282966
6917423687
5445011381
9711573405
7821792678
7375329383
6793603081
8485109522
4218289941
8785753714
2590585798
8422280467
7521015013
5491957941
6243417166
1365403385
7131350101
5986639521
1538575584
9856046411
9728755195
6950083311
2017841794
7896972950
1986557397
3825877684
6471016727
6119741359
5341835899
3744286487
6739816694
6736346865
2467755687
4285209395
5427506646
6034784604
4705878332
2196056142
1927128608
7780184056
5736551204
3407297651
8018951922
1055263318
5090162708
7237878981
5093604185
4647288150
4326564550
9423040443
6183649035
4654167204
9122013117
8042566387
6172911233
3021773375
1865421041
5122578837
2217110183
6529437280
9523908852
3544771125
7979048037
8891617740
8310933898
5007275625
9925050404
6389710366
5311922381
7483331807
6150072835
4618685076
9711881814
8818156675
8947919299
1815132393
7868134666
5367556792
1684426713
5862268330
4801668728
7511525023
2491681203
5186633042
5586689169
4156281653
4449146360
5602303288
7945633912
2212989077
2240481309
8955956564
9608576096
6237625554
8315133982
3397882739
1806262187
1527570133
8813362647
6782291620
3806388107
7328890719
7456986827
8397724578
1775899832
5086397705
5979479249
9979058690
3754713685
2506727285
6792221646
5706551970
8204321452
8141877292
2525240312
3498249698
8958153149
5922613028
4760607246
5634363567
2759299592
4973203492
5509235678
6541029436
6460060870
9756985464
1395934148
7603178609
3144192648
6894534520
4961383536
6956335062
4703175421
7252915614
1415065263
9435132852
5306784855
9313660225
8127728456
3308871370
9572912999
9284315698
2138330647
6874752202
5043776792
3545927641
4253327226
8723134032
8573505076
6716830344
7603117278
2233985327
1458227535
7863180622
7334893547
4094935102
4555945360
4578616020
6014633766
8031522744
3751585473
5445503872
9547701035
6209972910
9398007727
6543730355
1867886307
9456653679
6766797438
3239791373
3547423426
5536205306
3689432953
1402786301
1830304630
8383690220
1102564601
9037158964
2249860248
4926983504
3974497906
4817960801
4490309131
8698006724
2200443255
5380627899
9561444009
5819937380
5834229514
9748166993
1043875224
8265795155
2476676497
5369993325
1133688646
7675168992
8985998991
5863805722
1342980887
1166669992
6711848963
9533842918
1849886756
7345504650
3728183141
4070285840
1208609538
2591193637
4534028833
8446991237
3940509097
4388550113
7573285614
6579919586
4276903157
6679811560
7548719957
1075202587
8395491373
4224326764
7939354465
6602376954
9026116189
2536942235
3734370782
1170340763
6910007960
5799294669
3924825531
6853213129
7183122839
1649808054
5321883980
5405057603
9370445406
8743131532
4468426186
5223029678
5445974665
4330897842
6679623755
5788879442
9069520882
5167771960
2323439515
9670621949
2460979799
8028116188
5491730413
5260857890
4638441650
6285166478
5323344283
9232036034
3259757721
4419048031
4456216706
6300079141
9683444023
9233692621
1298250887
6548632276
5969614172
4729169157
7949933124
8627536661
5117294718
3008727487
8030354314
6791391488
4380807717
6262793310
8205592050
5684686608
3352200093
9204011704
2209346559
8769668262
3701182822
9285814535
5904520535
5277851631
6457069304
1608092611
5573943625
4732943704
3660172405
6363940955
2998611167
6747875537
7589102006
5573187265
6241984547
8386676435
7950825529
5430456665
2006133651
8932298363
7551059298
3489840828
9511628076
8408060273
3034351010
3601299921
4917716136
5595192918
5607716336
8378577739
3096378391
4879416447
1006681389
9367750436
6006698499
5979101208
8850645256
1526208497
4865619298
1161717076
1809122840
5151319129
2005567509
7200224785
3853237037
3654682035
3209624983
8575147847
9684536845
5510478258
3915006595
5018039826
6401895017
8654973925
1561717828
1502095136
2266046146
3004410493
9403587189
6683836511
8730589829
7676032315
6411876960
7711600316
2391011655
9893364342
4241162195
2127094427
8516389353
2019303459
1270837992
3154053147
4630739495
7111805644
7031193572
7837998048
9038920233
9172594765
7048545015
1982315149
5901668075
3056819431
2580707788
3704399879
2508160447
3251464750
3048033898
2696699253
6209663012
1314514998
3443513096
9168184683
2476373160
5609002538
6298858284
9466245859
1188436166
6288768070
6051738594
3167521623
6597271218
9199889312
7645275295
4756004446
5402854873
1185491576
9774773810
3089988422
2290975579
3381419373
8789910760
7236939195
8558406021
8514895692
3120618377
4322966956
2597940640
2890897143
1818333175
8669978632
6105963362
9101288260
5490679074
3089693345
7904991395
3854295827
7931285853
1291421500
6151260636
9630262397
5298080285
5578594741
7004939092
6969147189
5384435769
5820202752
1534244692
4307119174
1750964273
8289562150
5996812495
1191275420
4569263496
4660322604
7380542585
2515812464
2533260999
5959157650
6917150018
2161619644
9244292848
8487168209
8061931633
6339530738
4666524726
4030791408
5736538597
6690189306
7697537455
2208585620
6250871482
7486957498
3587379293
1973023855
4060521111
9596519924
3966770862
6424445200
6825129494
8833816899
7265155835
2429350367
6941850008
7007684262
2185539664
4858321054
3053350117
6039025326
2067713001
8861371445
9004382331
9626275149
6708676694
5999070272
7116716274
5829822838
2294665276
2900879180
8717384968
1338388589
8261729079
5179219893
4114512077
1498529976
8203225637
7272910447
7181405628
2440640956
5303200718
1081977499
7938552025
4337166372
9703802430
1887188678
8853408522
9613831917
6548750567
2807019300
6227441722
3896340657
8680780051
7349885744
6819223672
8096559776
7475255127
4319711222
5461310479
4960715326
8063263257
4899023097
9080070567
8580996361
8307256582
9841534832
5528433766
5791101879
3748428890
2056445771
4383898332
4365320243
9037703815
8238849284
3217210242
1493912027
5475917712
7684299583
2365719245
4083071773
6354880774
5744742615
2421972890
6564798458
8782105097
6625538372
4173630101
2681459375
9169340424
8121092057
1239813896
9675429208
3826878756
8864921167
9254402661
5878796201
8271783328
4048154774
8552982177
6868750271
6392296234
7933930392
4749763286
8847893814
9485035826
8872614399
6223000421
4572689092
5414018120
9904490783
4636457552
8498980824
3854294362
9224007739
1107365181
3599435085
6737177082
2029428260
4005511912
3625913152
7815805488
2062060947
5947861524
8896565643
3322728759
2888162013
1711707239
3250422493
5990394462
3050614888
9690740875
7193608119
1159681352
6550204312
8603059412
7064302840
8231943620
5705955868
2377282375
9332723785
6866124673
9395027375
2189391620
3657914388
7280219127
6939115928
2483061415
6785376551
1216677092
1119282259
8375429092
5712047487
8502746272
3102374926
8755083408
1582566092
5703659549
7711345659
5396018968
9265442870
9670428570
5458234332
1337168614
5952223042
3744125399
2868277089
4959748823
1694693421
4737118020
2423674239
6423065258
3124800340
2271536868
6066908374
4604881500
2286180773
6799044410
5650725088
6044842774
9728686540
7707678849
9663713869
9042978463
7179126094
4959363923
9878369798
6300928910
7757561156
1498032286
4446303659
7784563123
9607740072
5505183664
1262435812
3554092468
9471569840
1485072675
6219505916
8704308520
7283129762
7743903607
3737693160
7252163427
8626481645
6690981299
4307156130
1833283486
1348706853
5772795258
8591933801
8789586055
1966870515
9827708222
7279696859
6151979536
7721417292
3016488742
9298183786
3695912911
4059051602
5474226274
4842084627
2884640405
7975062730
9319700090
2638689692
3168441134
2891336373
1312084690
6051041018
8361893445
5060764552
8772919739
4329040179
7486841927
8763622790
6187400130
4887737389
6792652418
2470529813
3999374480
2299883389
1529190396
4765977155
4072558032
2943179838
3402992055
4764229111
3152392328
4895014770
7934494074
9012360423
6365291519
6227302093
8158786583
5144488784
2079841814
6725888646
1070550660
1853267107
2911992416
5553745136
5610145260
1096961013
9294924593
9032072134
1835813199
2353567142
9554184277
6620231745
6564431151
9180354768
1832633140
4797964044
3569834677
2585823724
3294817919
5700556804
4730113962
9193539285
4885752921
5115315039
7372175017
9864760258
1521927519
8472781433
1295486442
6055153663
8782947048
6320734603
9792524384
3004317755
3155640273
3234633942
2562027810
3785868349
7351387928
2777817463
3709983117
7338935506
7427018612
7387959956
2702571459
5834349666
8444755076
7313644136
4397342458
3570961994
4555094742
2280987304
5431311740
3970531182
9386286946
7526244078
3191947059
9507652090
7554330202
4474148514
5201181868
3814704031
8873055706
8821122868
1956455170
8130428529
9805246156
5816146369
8649771788
2482509185
8608732255
8813053610
8496793472
9965944756
7332459199
8745872746
8547565521
3342409888
9185062589
2195752259
4957299159
6383346858
7952379654
1168550079
3704097356
4342130886
7445167484
9640699335
9725365142
4288194216
9544340724
1522658912
9957686138
7116762053
3485180995
1232388157
6828432238
5321230278
2793781234
1838001562
7612402671
4652599261
5770908594
4166370318
9115481560
9893896742
1182632994
7012711844
7505488226
4887275420
4423904649
5970386460
6772085722
4637026104
5138148222
2989687739
9496882891
8667658135
3101175635
1770288293
5455092927
6115302480
8585718575
9650398974
1320440508
7684568254
9557314481
5472916042
1669835267
7425646426
9495651391
2618251532
8146631159
8178881030
5086990091
8193136030
1647813076
9992278566
5619295321
3008253541
6403904764
4860216948
8423239180
7261340728
5805908800
2676095162
1538387353
5613260241
4758347382
4889139993
3992557995
9027248780
5012206512
4455831539
6205173394
1385121742
4228020820
3098113136
2667067143
8102906000
5176948458
3777676056
4861627268
2264092004
3048832591
1254587234
6702085008
2242659567
6188415481
9750828428
7435492573
2727212827
2762533792
6784745625
4830065492
4960520900
3720871121
7180128355
7105994909
7401391019
8541285247
4065973176
5180884685
1478213506
7815801182
8254110152
4599741383
2707667294
8859899397
8434226160
3357671280
6602871466
9577861649
4997719797
2463235119
2864976209
6116851952
2468479205
8458800543
3076168629
5282206353
1863341889
5616374313
8241942122
3853553677
7699210897
2553522045
4286099176
6229477767
5662974252
6385535941
8988766930
4418482173
8828464732
2156312271
5233358929
7619607514
2724067661
1486993399
8133544123
8679380268
4390348833
4884334551
4401052356
9513084980
2303231678
5559294461
4018536235
8360500680
5171764486
7309312822
4252583614
3461876213
4306716528
7965990308
6560080594
8309594048
2938957441
3876372784
7075625970
8967108673
3553201598
5171131132
3074946452
3256333361
5232353230
9868311804
7194086535
8511960377
7222215293
4484451406
2042207298
5009682906
2340883037
9042849739
5518891141
7316927256
7903809150
7164732434
9702434400
2504938524
8353377443
9187589191
9755055010
4395092809
3991185424
9821221116
8990933854
8888340399
4549119392
4433802559
6063488158
7952813358
3627723163
9642284855
6129727975
2814528972
4093692276
9602193835
1784428652
1338639956
5727641107
7404921309
5388368945
9961711468
3483762787
4748995807
1390272100
2615559359
5623385532
6694878129
5377588233
8744128699
9093578626
7511926384
8968231154
1854121744
2016283335
6238180430
7675339085
5286318338
5752563704
7067285545
1965217850
4975886801
1439125792
8220712921
1729806345
8222153955
6284308860
5037020305
5268132862
4423692947
3780256523
9403104937
1245858544
5564137669
3376509177
2898079373
7534545354
5259003184
2634300337
4142254741
5341294838
4579285651
8097317585
6039741962
7697906089
5285144271
1160870063
1424733770
8618000098
2255203319
7752738941
7057910376
4323573406
7707233999
1718833485
5032241068
4191314909
5877982481
2024152488
6100105073
6246199808
3877888730
1426525009
5426956523
7165948472
4970910807
1487750927
7520038796
7796164494
5018962666
4618492168
6121716760
6984956824
4331992166
3540564066
6109990630
9597947880
8953782279
2572145046
1510088098
7433870063
7471122756
2635104098
4220801229
7253501040
9761000855
5864737315
3447112377
9489266072
8168084604
7733268952
2763834267
3732485783
8115376202
8833559902
2554447076
5377541562
6938843276
4054217257
9615504136
8925453289
6894782557
8949959648
3796437604
7135218096
4928962936
3910177437
8317354023
7296563883
3542409390
2379851709
7772430427
6243133053
5634084789
6594303622
9940477193
1237690675
5699933793
4157862916
7228479964
4552129089
1717710708
7121475743
4154346206
3553997173
9394163990
2253837064
2200821307
8218180818
8696916758
8150623112
5409973757
7138593455
5853079005
3650315925
6472581021
1351210606
2955302197
4433353841
9457510026
2954786251
8703860039
6492538149
3063931973
3092124435
9662515215
1161117116
3520334700
8791874438
2461820045
3122779968
3852952156
9328687022
4732846984
5292850932
9024839804
7815866028
5623813649
8847930714
7961809633
8411273023
2268859605
9352890624
1510578493
9060805072
3938663047
7115806566
8973378569
7805702785
4964267595
1894957551
1767916519
2407451258
5276908074
1692421330
4011471385
6873162731
7012144627
4244315731
9505337430
4908489714
7881642222
5577702401
3072977898
4838624395
1595137772
4956675283
4701733116
8979939225
8738497958
9958457756
2492149070
8548344958
5309833527
2787634741
4071307337
1604864525
1718224428
6087903859
9908477147
7103137719
3600472863
5121788383
2562155978
1602244271
4504376880
1965244694
2786052176
4549261145
7399360113
7385925088
7269958734
8627256892
3091376062
1859377305
7798779204
1817391140
4489702271
5727398119
1349177593
4513492756
1725190252
5259685919
3939000325
5911833821
6461639726
3120120671
8052983020
2572956479
3927547836
8395105952
5833010898
2324884197
6977387285
6735896417
9069381493
9990832849
7113217015
8103175179
4387224404
8521561838
3543635606
7899598741
3008090267
2382721417
9172207370
2394339720
6595092750
4905628943
1479012676
5284188426
3928525937
6482684847
4672361858
5791499820
4324518793
4104604455
9506061214
9612827717
3370464191
6795048585
6791271302
8195618475
3724188337
3571297314
3426544364
7143063840
1489046862
1908303439
7571082470
7539489888
5154177356
4003784191
9576841932
1606202520
5018368808
1991595064
9428971533
1473592340
4984493499
5537799147
5093458305
2145738390
4265402205
1106131021
4918512050
8760819487
3793091743
7825564119
1999637550
8111484322
2205075200
1797922073
5067020470
5665570669
6082683141
7184814942
6006140979
3165956456
2436027411
1180508585
5919050313
2974646375
6509691707
7875256785
6970148507
6062994951
1075532776
5884424116
5225899015
2063975232
6491663512
9157443414
6051001112
5476439057
6652494997
2101158532
4408034023
4131084430
6993890664
7908718068
5973572045
8106970786
4525620283
5696122095
1801240767
5152527483
5219262836
6770304780
9938012382
7030252961
3959740585
9490605904
6751936169
5967087164
1569563838
5346951800
2156452489
2779439332
6864952850
3655580727
7932364527
3914432736
8479106211
4929543797
3460709330
6815956837
5808056875
9563802321
2597177726
3603045448
3871883009
8236428780
1338305537
5636409708
6096288497
8799427622
8205947717
2022606932
9521226779
3326266492
1116683140
7746586022
9790398922
7738739601
7891352456
3443932911
7501434501
5186195602
5312575240
4463527083
7554844593
8880886332
3251678462
3780938956
7861301689
6322065792
5789388916
9388032296
5598118758
7907344407
2272023257
6992081821
4603465724
1098193854
8760711424
1574614549
8968075965
5142825179
5180955256
4882800385
5314608792
4415495870
1486795503
4459765770
9846685629
2101184011
4503059905
3637766470
1967778877
4765969955
4533216911
9518187553
9953332047
2396967749
5669230187
5194888922
4342089692
2043031298
4174358809
9376370973
9741025308
9392439107
3729218800
4645954188
8349669387
5918535668
5374869819
2119946221
9664102862
6396112848
3567705205
6242835389
7142198341
8085879937
2743234870
7746894734
2160430293
1634888955
5168990971
8468526300
8808155323
9669328058
8900278427
7360596033
8909429362
2886355208
5888721721
3517710490
4278780099
8939196081
2129309371
3005593999
9631129097
2806804884
3908628900
8968619838
2744139101
5979755402
9744521613
7212375167
4660205334
4419685244
4098209854
7025680933
7281810608
2135808522
5025019879
5624979393
5740589745
7411304382
8899727283
5183904006
7345595452
1985342849
1450196165
2106123245
3390628297
8819398191
1346904942
1507502725
2762415367
5011505392
5292176382
9651433503
6737445047
1367799943
2647362325
9845401793
9898942448
5740819302
2826931907
1618096693
1643740521
7007012018
8543604571
9364619456
6577413780
5043537502
8768285447
2832748695
4204319141
7853672150
6060131370
9761959029
8499185503
7999445384
6774146736
7019896751
6777521868
4288000254
2922034057
2143287301
3525805117
5127586635
8828192764
2242239294
6532159934
9209766053
8476412012
4966817536
2159666555
7196959038
3666013653
1078148103
4046703963
9480148833
7859005730
6721204085
1069539636
9315188045
2560518188
4897329343
2477544159
8011933100
4202062565
2152282767
1243158389
4032164255
5103686032
7540009618
8360223802
9831030570
9736212997
8392861234
5889000087
9089416341
8910991091
3352276086
9853614156
2508977332
4160946702
9215048125
2291672787
7845761612
6426737765
2488458041
5400882788
9859818887
8545254556
4733425216
6652927587
7723151393
9148724704
5441834612
2990387615
8745218534
9313365648
8117065728
5196739670
5936539964
6505597899
6884313713
4604237496
6346890414
9414204476
6973996773
3961739342
9554454183
6651467183
1013327236
2171824836
4495630571
5146821588
1485971884
8448089862
1140587111
5557857971
4709517068
3063888570
7309844594
1726575067
5669460332
3391578877
9734513645
4675032977
1949219187
8995831858
1327962149
5671821930
6915147487
6193124253
3223973033
8958492107
9104096978
2699991394
6646267247
5732065530
2181691819
6182575357
5081590639
3678786416
4364005137
9116950470
6029651594
6918088357
9288253494
5062341556
6290064377
1561415485
4033156529
6912263680
8257106212
6762070442
1170565957
9387699713
9789082758
3547201885
4076955011
4607678835
9479513679
1526096529
8390062358
9338736116
2975258049
1138887622
8799308797
7765581649
6463082583
8473083633
2244046272
4401461877
4284144310
6113143315
5729576119
1373615397
2991493301
1501702598
2872756059
4304526557
7828022699
7119715706
3085018637
3996237375
4301959951
7293629634
4764231513
8416533331
8944607945
7062615594
1205798900
5879389535
3559736558
7002589782
8864189040
9607363671
1981523316
5870061150
1081146265
9220612000
6321386020
9142695240
2793742899
8978507027
1077853691
5254180886
3434339915
2667548631
4292187546
1261631093
1418029510
6528195844
9496541731
1403768280
9930121787
9688684341
9839578331
2579856362
5153586841
6484125563
1022897525
6148054277
1010295237
7639968978
4297139108
8500306207
4837307056
4713435783
3965061455
5343582340
2945875538
3966678130
6568042332
4134249724
8867470498
6193533108
2189352450
3619678810
6949175470
2520724841
2343335846
2609458703
5632429039
9931813399
4677058612
7738288128
9679243730
1920020094
9520082230
8345528578
5742205737
6784919564
9108756146
5141019282
6218755877
3129001071
6633247916
5420096787
3790399624
4516747673
4240359342
9700104390
4388535785
3641360723
1901747728
1144553905
3087170058
7318564458
1425347581
4415335063
4536291899
5751252614
1470247375
2720396342
6831084213
1301545630
6852644523
3914344792
5097362302
5748161894
2316739782
8255642729
2758227076
8913393537
5118454476
1214725455
5409171926
3439845639
5049131757
3557399350
2209355490
8210816775
4876565813
6008791601
1927988013
5620601479
2352094124
8178798265
1121894873
7135203632
3676964353
2712223488
9725021574
8451533060
8675963472
2247458898
8390527740
9562705626
2013764414
5492516683
9494890791
5371415727
4450899536
6953400293
8836658081
4276766463
1573586556
3130009334
8420986490
3661197415
2596365863
1714557201
2359057584
2249145173
8144077718
5309747901
5393199309
7191119724
1884083152
6521801963
3727195579
8886402232
5867686672
8307543826
6083895610
6031025987
2166858405
5865690459
4208457710
2182844272
8724336919
2812707978
5469641592
8242399399
3190542314
8148985029
8768982955
2994742570
7643566089
5631802208
2168024176
5071630483
3162815654
7154026138
6187199414
6725702725
7896112279
7732986477
3880756303
9386443815
7854495751
4438438742
1119285484
2461345424
1986889254
4973750722
1756549072
4686189600
8403252462
2043293188
4429739381
2111678839
5783382428
5903408633
5006260852
6843593342
8990034820
3042216070
3483362949
5296037993
6237262773
4761152208
1038497273
8210154674
1675717735
5071016693
1309404549
1527487416
5524009142
7183700466
1938548535
3642347568
5902234657
8672871229
6783966880
4842943263
6935573492
2183261484
1141766298
9083477463
4373714534
6250610585
7574827996
9498769805
6872673516
3448979414
8137219128
5886112903
3686413310
7004803694
8787264497
3745830438
7365716369
9944101212
1490745345
2169323156
3849559533
8115634881
6108345385
8798339346
8519282487
2444646916
2430801214
1823751259
1558699506
3826510098
4627555577
9238761819
1456376206
6615223186
7071788457
3905182123
9911890728
7513032673
5063250853
8528179323
4864755104
5273821033
8893894345
3220633186
6933002788
8780247613
4400791179
4199648896
3426619767
6073175508
2336968907
7718154107
3635383384
2644373215
3312912802
5331424420
5378210832
2292800183
9456192145
1466596122
1229201183
8835475362
3337180628
2186958194
1881901716
6320533998
3491572815
6354232678
1084518192
1157733312
2148519962
9364606087
8925270216
2239107808
8289549874
7516374509
5779999528
6585149671
5307244134
5075075130
4530515071
4265821035
1373948134
3328376010
1145001637
7723642209
1472080520
7841303066
1790535926
8226328750
9156403291
5548424480
3781113344
3468883367
8103004372
6243518415
5213731763
1104998286
5782758693
7373967452
8108670368
6491894336
7260282753
7602499514
5430120037
9767459473
3198804027
3637214987
9784507899
4396071722
6184853964
6612879104
5229946817
6895216958
9963547653
1151144839
4589914396
3291073938
7054949812
1707565069
8031681130
2282905008
2288046312
1170371302
6069271033
2021025489
8167459068
7188554447
3476739838
1128880768
7189381947
9062333364
7593611619
5977332328
